median: 11.000000
median: 12.500000
median: 14.000000
